1554670226 13
1554670227 49
1554746132 1977
1554749929 2136
1554823320 2137
1554827762 2221
1555000572 2256
1555092637 2264
1555092758 12800
1555102180 14529
1555102282 16952
1555171976 16935
1555177968 17028
1555178248 17042
1555178996 18474
1555179258 17809
1555180102 17827
1555180394 17863
1555353440 18015
1555353978 18055
1555605235 17565
1555605413 17970
1555867719 17965
1555881616 18142
1555888152 18460
1555888989 18461
1555893266 18584
1555893301 18584
1555894350 18589
1555957067 18589
1555962526 18540
1555988032 18699
1556026598 18707
1556031728 14935
1556033238 14909
1556043469 14909
1556228630 14909
1556299955 14909
1556300252 29017
1556302997 29091
1556304577 29161
1556304655 29204
1556305911 29204
1556306147 29230
1556306597 29263
1556314602 29708
1556334899 29648
1556335214 29648
1556384725 29659
1556387359 29657
1556557519 29792
1556559653 29773
1556560581 29769
1556562712 29784
1556638980 29816
1556640957 29820
1556640979 29556
1556643485 29622
1556814396 29623
1556814597 29559
1556830102 29588
1556909232 29370
1556909443 143015
1556909545 29369
1556911382 29385
1556911885 29396
1556911956 28688
1556912020 28717
1556913369 29176
1557168868 29352
1557170090 29352
1557499603 29354
1557499700 29352
1557503736 29700
1557503912 29584
1557503964 29584
